기간	자치구	동	합계	합계	합계	합계	합계	개인	개인	회사법인	회사법인	회사이외의 법인	회사이외의 법인	비법인단체	비법인단체
기간	자치구	동	사업체수	사업체수	종사자수	종사자수	종사자수	사업체수	종사자수	사업체수	종사자수	사업체수	종사자수	사업체수	종사자수
기간	자치구	동	사업체수	여성대표자	계	남	여	사업체수	종사자수	사업체수	종사자수	사업체수	종사자수	사업체수	종사자수
2017	합계	합계	822,863	278,152	5,119,913	2,848,150	2,271,763	628,981	1,582,451	153,609	2,730,632	19,458	681,386	20,815	125,444
2017	종로구	소계	40,490	13,577	268,702	154,100	114,602	31,924	77,155	6,351	137,652	1,330	49,402	885	4,493
2017	종로구	사직동	3,544	1,147	52,489	31,029	21,460	1,840	8,702	1,376	31,777	233	11,425	95	585
2017	종로구	삼청동	753	360	4,507	2,225	2,282	520	1,311	174	1,248	45	1,882	14	66
2017	종로구	부암동	567	235	4,147	2,137	2,010	420	1,053	76	775	26	2,143	45	176
2017	종로구	평창동	739	327	3,547	1,679	1,868	528	1,344	103	952	44	879	64	372
2017	종로구	무악동	531	104	1,457	729	728	481	1,112	15	147	9	124	26	74
2017	종로구	교남동	347	131	3,816	1,553	2,263	258	625	45	417	28	2,666	16	108
2017	종로구	가회동	747	366	13,681	10,225	3,456	544	1,220	129	11,121	47	1,208	27	132
2017	종로구	종로1.2.3.4가동	15,851	5,042	111,270	66,889	44,381	12,517	28,485	2,703	70,864	416	10,867	215	1,054
2017	종로구	종로5·6가동	7,613	2,486	23,581	14,491	9,090	6,710	13,719	656	8,280	132	1,214	115	368
2017	종로구	이화동	1,289	442	17,511	7,128	10,383	854	2,838	274	4,183	96	10,064	65	426
2017	종로구	창신1동	2,302	717	6,734	3,254	3,480	2,091	4,489	150	1,705	25	331	36	209
2017	종로구	창신2동	871	288	2,332	1,038	1,294	816	1,923	16	106	13	176	26	127
2017	종로구	창신3동	264	81	851	440	411	228	461	10	98	12	223	14	69
2017	종로구	숭인1동	507	176	1,433	664	769	449	1,029	30	163	10	167	18	74
2017	종로구	숭인2동	1,812	522	6,657	3,069	3,588	1,520	3,387	231	2,708	32	496	29	66
2017	종로구	청운효자동	1,016	463	5,891	3,143	2,748	755	1,588	144	1,043	78	2,944	39	316
2017	종로구	혜화동	1,737	690	8,798	4,407	4,391	1,393	3,869	219	2,065	84	2,593	41	271
2017	중구	소계	62,936	23,334	386,648	212,533	174,115	51,190	118,836	9,968	215,927	1,105	48,228	673	3,657
2017	중구	소공동	3,918	1,187	59,386	33,640	25,746	2,022	6,735	1,688	46,770	159	5,535	49	346
2017	중구	회현동	9,425	4,876	48,533	26,230	22,303	8,305	14,650	927	31,229	90	2,227	103	427
2017	중구	명동	6,770	1,966	107,800	58,903	48,897	3,705	12,109	2,633	72,196	277	22,516	155	979
2017	중구	필동	3,075	801	23,521	13,605	9,916	2,165	5,884	752	10,261	113	7,085	45	291
2017	중구	장충동	855	243	9,592	5,718	3,874	505	1,449	265	6,897	56	1,165	29	81
2017	중구	광희동	9,253	3,204	39,108	21,223	17,885	7,929	19,964	1,204	15,430	87	3,560	33	154
2017	중구	을지로동	9,453	2,086	32,444	21,002	11,442	8,343	17,929	973	12,533	91	1,875	46	107
2017	중구	신당5동	1,305	473	4,064	1,869	2,195	1,160	2,976	100	603	19	304	26	181
2017	중구	황학동	1,867	595	5,696	3,259	2,437	1,701	3,461	137	2,065	16	123	13	47
2017	중구	중림동	982	309	6,948	3,609	3,339	692	1,553	210	4,498	45	784	35	113
2017	중구	신당동	12,073	6,240	29,305	12,506	16,799	11,529	23,858	451	3,681	51	1,400	42	366
2017	중구	다산동	1,396	437	9,014	5,148	3,866	1,031	2,670	283	5,614	41	562	41	168
2017	중구	약수동	841	343	3,624	1,684	1,940	676	1,905	114	1,128	28	423	23	168
2017	중구	청구동	785	262	4,116	2,478	1,638	631	1,617	120	1,988	19	373	15	138
2017	중구	동화동	938	312	3,497	1,659	1,838	796	2,076	111	1,034	13	296	18	91
2017	용산구	소계	20,806	7,021	133,260	73,658	59,602	15,130	36,035	4,605	72,282	595	20,681	476	4,262
2017	용산구	후암동	859	322	5,156	2,239	2,917	726	2,189	77	2,226	36	622	20	119
2017	용산구	용산2가동	557	191	1,899	970	929	479	968	48	475	19	430	11	26
2017	용산구	남영동	1,714	598	17,940	9,437	8,503	1,095	2,999	481	12,832	82	1,651	56	458
2017	용산구	원효로2동	1,010	270	5,783	3,520	2,263	660	1,289	302	3,922	24	428	24	144
2017	용산구	효창동	462	150	2,249	1,295	954	321	729	86	992	27	279	28	249
2017	용산구	용문동	660	277	1,783	903	880	584	1,227	57	411	8	72	11	73
2017	용산구	이촌1동	813	398	3,701	1,549	2,152	664	1,942	81	704	25	638	43	417
2017	용산구	이촌2동	350	102	827	538	289	308	484	18	161	6	66	18	116
2017	용산구	이태원1동	1,652	675	7,557	4,272	3,285	1,345	3,273	278	2,435	18	1,770	11	79
2017	용산구	이태원2동	752	269	3,241	1,872	1,369	597	1,384	130	1,627	9	166	16	64
2017	용산구	서빙고동	385	126	4,555	2,800	1,755	274	524	72	1,984	28	1,617	11	430
2017	용산구	보광동	844	349	1,925	1,003	922	789	1,339	28	202	13	337	14	47
2017	용산구	청파동	1,881	687	9,383	4,380	5,003	1,592	3,850	180	1,997	66	3,187	43	349
2017	용산구	원효로1동	1,815	549	9,716	5,760	3,956	1,225	2,948	510	5,535	37	844	43	389
2017	용산구	한강로동	4,972	1,288	40,821	24,465	16,356	3,086	7,025	1,669	27,461	143	5,475	74	860
2017	용산구	한남동	2,080	770	16,724	8,655	8,069	1,385	3,865	588	9,318	54	3,099	53	442
2017	성동구	소계	27,278	8,237	167,308	98,497	68,811	19,942	52,077	6,136	87,725	569	23,276	631	4,230
2017	성동구	왕십리2동	803	295	2,718	1,180	1,538	704	1,811	54	532	13	147	32	228
2017	성동구	마장동	3,282	808	11,918	7,884	4,034	2,448	5,397	728	4,513	48	1,643	58	365
2017	성동구	사근동	1,106	381	11,748	5,931	5,817	876	2,459	126	858	75	8,291	29	140
2017	성동구	행당1동	1,459	582	9,210	4,482	4,728	1,114	3,266	268	2,813	46	2,999	31	132
2017	성동구	행당2동	592	267	2,046	864	1,182	532	1,144	24	256	10	343	26	303
2017	성동구	응봉동	379	130	1,053	507	546	340	588	8	38	11	222	20	205
2017	성동구	금호1가동	506	188	1,701	782	919	441	1,070	26	270	12	221	27	140
2017	성동구	금호4가동	635	262	1,894	876	1,018	554	1,248	33	282	16	211	32	153
2017	성동구	성수1가1동	1,601	422	8,806	5,263	3,543	1,108	2,877	424	4,417	33	1,315	36	197
2017	성동구	성수1가2동	2,346	601	17,723	10,811	6,912	1,437	3,833	812	12,913	46	674	51	303
2017	성동구	성수2가1동	2,605	718	18,333	11,709	6,624	1,848	4,880	688	12,014	28	1,247	41	192
2017	성동구	성수2가3동	5,203	1,132	47,180	29,959	17,221	3,061	10,062	2,021	35,819	79	971	42	328
2017	성동구	송정동	692	188	2,393	1,402	991	604	1,222	59	577	17	552	12	42
2017	성동구	용답동	2,089	574	13,476	9,071	4,405	1,504	3,521	485	6,798	53	2,886	47	271
2017	성동구	왕십리도선동	2,079	829	11,017	5,074	5,943	1,735	4,861	249	4,704	43	834	52	618
2017	성동구	금호2.3가동	1,034	470	2,867	1,250	1,617	952	2,109	28	282	17	242	37	234
2017	성동구	옥수동	867	390	3,225	1,452	1,773	684	1,729	103	639	22	478	58	379
2017	광진구	소계	24,688	8,912	125,170	69,037	56,133	20,194	50,644	3,389	50,153	471	20,946	634	3,427
2017	광진구	화양동	2,437	880	15,265	7,838	7,427	2,065	6,467	281	2,714	52	5,947	39	137
2017	광진구	군자동	1,580	565	9,700	5,144	4,556	1,281	3,157	229	3,880	33	2,506	37	157
2017	광진구	중곡1동	1,612	547	6,629	3,777	2,852	1,365	3,289	190	2,583	17	563	40	194
2017	광진구	중곡2동	1,622	596	6,496	3,289	3,207	1,340	3,323	207	2,462	30	488	45	223
2017	광진구	중곡3동	1,330	494	5,380	2,961	2,419	1,181	2,974	95	1,443	16	690	38	273
2017	광진구	중곡4동	1,563	567	4,891	2,589	2,302	1,404	3,186	96	909	27	697	36	99
2017	광진구	능동	783	260	5,705	2,554	3,151	544	1,720	193	2,109	34	1,840	12	36
2017	광진구	구의1동	1,846	687	7,159	4,013	3,146	1,518	3,500	238	2,549	31	888	59	222
2017	광진구	구의2동	1,297	453	5,167	2,820	2,347	1,074	2,366	143	1,842	38	810	42	149
2017	광진구	구의3동	2,652	935	14,918	8,742	6,176	2,015	4,983	550	8,736	33	839	54	360
2017	광진구	광장동	1,419	516	16,535	10,721	5,814	949	2,681	366	11,758	44	1,385	60	711
2017	광진구	자양1동	1,711	629	8,543	4,802	3,741	1,434	3,701	205	2,985	28	1,594	44	263
2017	광진구	자양2동	1,487	484	6,271	3,530	2,741	1,229	2,548	180	1,948	32	1,517	46	258
2017	광진구	자양3동	1,353	552	6,183	2,821	3,362	1,059	2,649	221	2,519	24	793	49	222
2017	광진구	자양4동	1,996	747	6,328	3,436	2,892	1,736	4,100	195	1,716	32	389	33	123
2017	동대문구	소계	32,411	10,677	142,842	76,058	66,784	27,573	65,270	3,520	43,990	575	28,794	743	4,788
2017	동대문구	회기동	997	404	8,922	4,067	4,855	861	2,185	77	536	37	6,131	22	70
2017	동대문구	휘경1동	977	354	3,825	1,901	1,924	824	2,227	91	1,200	22	265	40	133
2017	동대문구	휘경2동	1,210	272	5,204	2,549	2,655	1,090	1,905	51	744	37	2,286	32	269
2017	동대문구	청량리동	1,679	600	8,818	4,798	4,020	1,437	3,548	127	1,980	57	2,753	58	537
2017	동대문구	용신동	5,640	1,733	33,713	18,202	15,511	4,571	11,376	876	15,912	115	5,911	78	514
2017	동대문구	제기동	4,750	1,657	12,275	6,860	5,415	4,267	8,578	353	2,229	48	929	82	539
2017	동대문구	전농1동	2,199	842	8,492	4,411	4,081	1,875	4,320	236	2,080	32	1,835	56	257
2017	동대문구	전농2동	894	320	5,038	2,660	2,378	763	1,658	50	563	32	2,560	49	257
2017	동대문구	답십리1동	1,961	558	7,131	3,827	3,304	1,659	3,522	219	2,453	30	645	53	511
2017	동대문구	답십리2동	2,186	584	7,251	4,387	2,864	1,831	4,373	266	2,230	22	173	67	475
2017	동대문구	장안1동	4,572	1,346	21,603	12,215	9,388	3,660	10,021	776	10,164	57	991	79	427
2017	동대문구	장안2동	3,164	1,188	11,590	5,330	6,260	2,766	7,550	303	2,815	34	768	61	457
2017	동대문구	이문1동	1,477	567	6,698	3,516	3,182	1,328	2,757	68	754	41	2,981	40	206
2017	동대문구	이문2동	705	252	2,282	1,335	947	641	1,250	27	330	11	566	26	136
2017	중랑구	소계	28,045	9,343	102,758	53,237	49,521	24,967	59,360	1,867	25,574	418	14,602	793	3,222
2017	중랑구	면목2동	2,035	662	6,440	3,364	3,076	1,843	4,706	130	1,236	20	390	42	108
2017	중랑구	면목4동	1,166	408	3,785	2,056	1,729	1,049	2,389	48	823	36	454	33	119
2017	중랑구	면목5동	850	257	2,865	1,680	1,185	757	1,838	66	865	7	75	20	87
2017	중랑구	면목7동	1,485	544	4,426	2,084	2,342	1,369	3,518	57	523	12	216	47	169
2017	중랑구	상봉1동	1,148	401	6,397	3,409	2,988	936	2,320	155	3,064	26	901	31	112
2017	중랑구	상봉2동	2,102	792	9,120	4,884	4,236	1,773	4,623	209	3,497	26	636	94	364
2017	중랑구	중화1동	1,096	374	3,929	1,645	2,284	948	2,406	79	787	21	490	48	246
2017	중랑구	중화2동	2,175	786	7,441	4,176	3,265	1,940	4,556	162	2,492	20	249	53	144
2017	중랑구	묵1동	1,513	537	5,749	2,732	3,017	1,313	3,159	116	1,556	34	837	50	197
2017	중랑구	묵2동	1,780	524	4,949	2,580	2,369	1,597	3,252	116	1,118	17	413	50	166
2017	중랑구	망우3동	1,115	376	3,914	1,880	2,034	1,026	2,764	55	747	10	327	24	76
2017	중랑구	신내1동	1,998	579	10,597	6,111	4,486	1,711	3,917	167	3,441	44	2,929	76	310
2017	중랑구	신내2동	1,115	418	5,966	2,841	3,125	933	2,171	125	998	26	2,594	31	203
2017	중랑구	면목본동	2,511	953	7,756	3,623	4,133	2,337	5,989	96	1,014	25	460	53	293
2017	중랑구	면목3.8동	2,100	751	7,089	3,513	3,576	1,920	4,438	94	913	29	1,584	57	154
2017	중랑구	망우본동	3,856	981	12,335	6,659	5,676	3,515	7,314	192	2,500	65	2,047	84	474
2017	성북구	소계	24,039	8,878	108,991	53,234	55,757	20,844	51,126	1,768	24,719	665	28,956	762	4,190
2017	성북구	돈암1동	389	135	1,802	960	842	329	703	23	551	12	422	25	126
2017	성북구	돈암2동	433	194	2,294	814	1,480	370	661	20	1,055	21	421	22	157
2017	성북구	안암동	1,456	452	12,813	5,425	7,388	1,078	2,947	249	1,812	84	7,883	45	171
2017	성북구	보문동	1,330	425	5,229	2,776	2,453	1,173	2,748	104	1,771	29	385	24	325
2017	성북구	정릉1동	753	283	2,064	981	1,083	675	1,542	32	285	15	100	31	137
2017	성북구	정릉2동	887	287	2,819	1,458	1,361	796	1,608	36	553	22	498	33	160
2017	성북구	정릉3동	677	255	4,302	2,355	1,947	549	1,077	36	490	41	2,526	51	209
2017	성북구	정릉4동	921	295	4,242	2,469	1,773	798	1,754	43	1,206	27	1,085	53	197
2017	성북구	길음1동	1,092	505	3,950	1,498	2,452	990	2,324	46	725	25	696	31	205
2017	성북구	길음2동	935	400	4,269	1,668	2,601	771	2,279	111	1,291	21	411	32	288
2017	성북구	월곡1동	1,351	467	5,039	2,499	2,540	1,194	2,801	80	1,142	36	850	41	246
2017	성북구	월곡2동	1,589	576	7,619	4,226	3,393	1,376	3,583	119	1,107	49	2,730	45	199
2017	성북구	장위1동	928	321	2,339	1,077	1,262	870	1,840	20	165	12	207	26	127
2017	성북구	장위2동	1,478	535	4,599	2,283	2,316	1,376	3,381	50	635	14	405	38	178
2017	성북구	장위3동	628	172	2,722	1,478	1,244	564	1,464	35	747	12	360	17	151
2017	성북구	성북동	1,132	457	5,170	2,561	2,609	834	2,263	180	1,790	65	905	53	212
2017	성북구	삼선동	1,906	764	10,312	4,942	5,370	1,628	3,889	163	2,111	65	4,061	50	251
2017	성북구	동선동	1,995	837	9,940	4,486	5,454	1,728	4,989	176	2,702	48	2,021	43	228
2017	성북구	종암동	2,022	781	7,350	3,615	3,735	1,822	4,447	103	1,214	36	1,300	61	389
2017	성북구	석관동	2,137	737	10,117	5,663	4,454	1,923	4,826	142	3,367	31	1,690	41	234
2017	강북구	소계	18,928	6,992	71,752	33,422	38,330	16,747	40,469	1,155	17,279	345	10,151	681	3,853
2017	강북구	번1동	1,836	725	9,166	3,876	5,290	1,511	4,094	260	3,931	23	831	42	310
2017	강북구	번2동	678	170	3,442	2,154	1,288	563	1,233	44	954	34	1,141	37	114
2017	강북구	번3동	912	231	2,959	1,675	1,284	810	1,701	41	665	28	450	33	143
2017	강북구	수유1동	1,432	577	5,090	2,380	2,710	1,285	2,700	54	1,088	30	1,045	63	257
2017	강북구	수유2동	1,339	491	4,179	1,853	2,326	1,190	2,798	44	742	19	243	86	396
2017	강북구	수유3동	2,446	1,005	9,009	3,915	5,094	2,192	5,743	180	1,844	29	1,260	45	162
2017	강북구	삼양동	1,186	430	3,743	1,556	2,187	1,069	2,290	31	403	22	479	64	571
2017	강북구	미아동	1,670	640	6,501	2,822	3,679	1,499	3,980	99	1,062	33	1,207	39	252
2017	강북구	송중동	1,962	732	8,026	3,418	4,608	1,696	4,656	176	2,200	35	851	55	319
2017	강북구	송천동	2,106	764	7,440	3,467	3,973	1,904	4,711	108	1,664	30	788	64	277
2017	강북구	삼각산동	775	319	2,337	930	1,407	713	1,589	22	172	9	393	31	183
2017	강북구	우이동	1,029	380	4,271	2,615	1,656	918	2,108	38	1,601	23	221	50	341
2017	강북구	인수동	1,557	528	5,589	2,761	2,828	1,397	2,866	58	953	30	1,242	72	528
2017	도봉구	소계	18,351	6,324	70,503	36,085	34,418	16,145	36,624	1,116	17,333	316	11,907	774	4,639
2017	도봉구	쌍문1동	890	310	3,852	1,710	2,142	776	1,799	43	545	27	1,336	44	172
2017	도봉구	쌍문2동	1,242	462	5,053	2,442	2,611	1,065	2,679	98	1,546	13	407	66	421
2017	도봉구	쌍문3동	971	352	4,015	1,996	2,019	858	2,031	63	605	15	1,258	35	121
2017	도봉구	쌍문4동	616	251	2,003	920	1,083	557	1,071	13	89	17	682	29	161
2017	도봉구	방학1동	2,266	924	10,787	5,692	5,095	1,963	5,030	166	2,912	38	2,269	99	576
2017	도봉구	방학2동	1,207	432	3,264	1,432	1,832	1,107	2,589	27	200	16	257	57	218
2017	도봉구	방학3동	872	272	3,242	1,635	1,607	777	1,749	32	587	14	410	49	496
2017	도봉구	창1동	1,413	428	4,207	2,115	2,092	1,289	2,667	63	709	18	603	43	228
2017	도봉구	창2동	1,356	472	4,348	2,305	2,043	1,240	2,931	52	771	13	399	51	247
2017	도봉구	창3동	929	327	2,199	995	1,204	862	1,553	23	185	9	199	35	262
2017	도봉구	창4동	1,277	434	7,384	3,800	3,584	1,022	2,628	163	3,029	39	1,289	53	438
2017	도봉구	창5동	2,133	522	7,148	3,753	3,395	1,888	4,074	149	1,980	29	759	67	335
2017	도봉구	도봉1동	1,714	624	6,135	3,543	2,592	1,482	3,302	115	1,855	33	676	84	302
2017	도봉구	도봉2동	1,465	514	6,866	3,747	3,119	1,259	2,521	109	2,320	35	1,363	62	662
2017	노원구	소계	26,516	9,401	117,859	55,762	62,097	22,865	54,088	2,077	29,902	565	26,327	1,009	7,542
2017	노원구	월계1동	1,488	532	6,121	3,540	2,581	1,321	2,930	76	1,230	26	1,484	65	477
2017	노원구	월계2동	944	236	3,464	1,957	1,507	833	1,472	52	643	24	1,150	35	199
2017	노원구	월계3동	963	325	3,943	1,975	1,968	847	1,648	69	1,145	17	721	30	429
2017	노원구	공릉2동	1,834	616	11,823	6,044	5,779	1,543	3,180	135	1,875	81	6,312	75	456
2017	노원구	하계1동	1,103	419	7,546	3,720	3,826	856	2,332	149	1,922	43	2,845	55	447
2017	노원구	하계2동	395	123	1,307	548	759	361	689	13	76	6	349	15	193
2017	노원구	중계본동	1,198	471	5,494	2,793	2,701	1,038	2,683	83	1,666	24	834	53	311
2017	노원구	중계1동	1,000	399	4,392	1,888	2,504	857	2,454	84	1,057	17	574	42	307
2017	노원구	중계4동	1,049	414	3,975	1,658	2,317	931	2,533	54	466	18	672	46	304
2017	노원구	상계1동	3,114	739	10,558	5,941	4,617	2,792	5,189	198	3,711	38	1,283	86	375
2017	노원구	상계2동	2,614	1,124	10,662	4,148	6,514	2,229	6,858	286	2,264	34	638	65	902
2017	노원구	상계5동	1,605	630	4,600	2,248	2,352	1,424	2,879	76	1,101	11	178	94	442
2017	노원구	상계8동	595	226	2,017	750	1,267	552	1,378	16	113	12	384	15	142
2017	노원구	상계9동	713	272	2,488	1,070	1,418	657	1,333	25	227	14	739	17	189
2017	노원구	상계10동	455	153	2,203	1,210	993	398	838	26	499	18	772	13	94
2017	노원구	상계3.4동	1,278	463	4,354	2,353	2,001	1,104	2,058	49	1,598	22	368	103	330
2017	노원구	상계6.7동	1,958	728	15,618	5,819	9,799	1,575	5,267	262	4,806	68	4,721	53	824
2017	노원구	중계2.3동	1,361	592	5,555	2,248	3,307	1,195	2,669	94	1,125	33	1,446	39	315
2017	노원구	공릉1동	2,849	939	11,739	5,852	5,887	2,352	5,698	330	4,378	59	857	108	806
2017	은평구	소계	24,561	9,413	88,818	41,845	46,973	21,442	47,784	1,689	20,204	547	16,567	883	4,263
2017	은평구	녹번동	1,895	609	9,439	4,788	4,651	1,498	3,485	188	1,940	108	3,460	101	554
2017	은평구	불광1동	1,677	722	6,733	2,582	4,151	1,473	3,437	109	1,850	33	1,161	62	285
2017	은평구	갈현1동	1,457	582	5,184	2,166	3,018	1,303	3,180	91	1,362	18	444	45	198
2017	은평구	갈현2동	1,596	670	5,828	2,377	3,451	1,442	3,482	80	868	29	1,002	45	476
2017	은평구	구산동	1,205	405	5,233	2,361	2,872	1,050	1,915	56	933	36	1,913	63	472
2017	은평구	대조동	2,530	1,187	7,921	3,259	4,662	2,277	5,591	177	1,239	23	844	53	247
2017	은평구	응암1동	1,600	662	7,261	3,438	3,823	1,313	3,660	194	2,549	39	853	54	199
2017	은평구	응암2동	654	269	2,011	866	1,145	598	1,218	16	82	14	599	26	112
2017	은평구	신사1동	1,290	467	4,069	2,080	1,989	1,137	2,520	78	903	27	475	48	171
2017	은평구	신사2동	1,691	288	3,612	2,295	1,317	1,600	2,360	32	492	25	590	34	170
2017	은평구	증산동	1,017	389	3,555	2,043	1,512	859	1,751	94	1,306	22	361	42	137
2017	은평구	수색동	625	213	2,476	1,636	840	535	905	48	977	24	482	18	112
2017	은평구	진관동	1,648	649	8,664	4,085	4,579	1,276	3,303	233	2,818	51	2,083	88	460
2017	은평구	불광2동	1,321	586	4,429	1,939	2,490	1,169	2,564	56	663	36	971	60	231
2017	은평구	응암3동	1,844	768	4,934	2,186	2,748	1,679	3,560	75	548	33	625	57	201
2017	은평구	역촌동	2,511	947	7,469	3,744	3,725	2,233	4,853	162	1,674	29	704	87	238
2017	서대문구	소계	19,852	7,417	111,117	55,668	55,449	16,323	37,822	2,194	34,583	660	35,299	675	3,413
2017	서대문구	천연동	941	381	2,898	1,411	1,487	813	1,616	45	273	41	810	42	199
2017	서대문구	홍제1동	1,163	474	4,679	2,491	2,188	986	2,318	86	1,132	24	960	67	269
2017	서대문구	홍제3동	1,201	511	3,730	1,667	2,063	1,086	2,397	50	517	26	566	39	250
2017	서대문구	홍제2동	594	258	1,751	828	923	500	1,131	32	168	26	337	36	115
2017	서대문구	홍은1동	964	354	2,521	1,213	1,308	833	1,495	62	449	26	360	43	217
2017	서대문구	홍은2동	1,176	383	5,405	2,941	2,464	1,000	2,262	81	1,350	36	1,494	59	299
2017	서대문구	남가좌1동	797	366	2,197	788	1,409	720	1,606	40	187	15	263	22	141
2017	서대문구	남가좌2동	1,243	481	4,877	2,410	2,467	1,111	2,201	68	529	27	2,017	37	130
2017	서대문구	북가좌1동	665	219	3,407	2,204	1,203	560	1,191	70	1,734	11	327	24	155
2017	서대문구	북가좌2동	2,381	637	6,903	3,961	2,942	2,186	4,007	104	2,278	32	269	59	349
2017	서대문구	충현동	1,825	632	24,126	14,238	9,888	1,090	2,917	521	15,337	150	5,515	64	357
2017	서대문구	북아현동	864	313	2,677	1,157	1,520	779	1,604	35	177	30	780	20	116
2017	서대문구	신촌동	3,720	1,533	35,054	14,620	20,434	2,806	8,897	684	7,203	146	18,527	84	427
2017	서대문구	연희동	2,318	875	10,892	5,739	5,153	1,853	4,180	316	3,249	70	3,074	79	389
2017	마포구	소계	36,325	12,245	247,999	134,707	113,292	25,508	67,555	9,022	151,117	973	24,262	822	5,065
2017	마포구	용강동	2,550	790	18,504	10,424	8,080	1,381	3,659	988	13,050	120	1,510	61	285
2017	마포구	대흥동	1,547	570	9,660	4,488	5,172	1,163	3,686	268	2,667	68	3,038	48	269
2017	마포구	염리동	699	274	4,050	2,192	1,858	542	1,154	110	2,261	17	418	30	217
2017	마포구	신수동	1,230	394	5,629	3,001	2,628	959	2,495	183	2,020	41	894	47	220
2017	마포구	서교동	9,686	3,230	60,482	30,075	30,407	6,566	20,532	2,879	37,333	157	2,287	84	330
2017	마포구	합정동	2,044	671	12,112	6,623	5,489	1,421	3,443	530	8,039	50	499	43	131
2017	마포구	망원1동	1,802	545	4,625	2,548	2,077	1,595	3,201	145	989	24	285	38	150
2017	마포구	망원2동	1,360	515	4,614	2,597	2,017	1,139	2,372	153	1,643	17	318	51	281
2017	마포구	연남동	1,611	585	6,441	3,516	2,925	1,232	2,838	315	3,052	29	392	35	159
2017	마포구	성산1동	1,488	430	13,161	9,299	3,862	946	2,357	435	9,871	54	646	53	287
2017	마포구	성산2동	1,747	641	12,091	5,678	6,413	1,369	3,159	270	4,992	41	3,254	67	686
2017	마포구	상암동	2,324	804	37,364	22,952	14,412	1,447	4,213	718	28,750	105	3,829	54	572
2017	마포구	도화동	2,047	654	15,957	8,162	7,795	1,260	3,254	671	11,443	55	918	61	342
2017	마포구	서강동	1,779	609	11,995	6,102	5,893	1,346	3,421	354	5,407	44	2,907	35	260
2017	마포구	공덕동	2,781	937	19,160	9,984	9,176	2,033	4,898	565	11,874	104	1,865	79	523
2017	마포구	아현동	1,630	596	12,154	7,066	5,088	1,109	2,873	438	7,726	47	1,202	36	353
2017	양천구	소계	26,077	9,626	119,943	63,780	56,163	21,799	52,609	2,940	42,126	464	20,047	874	5,161
2017	양천구	목1동	2,943	1,157	21,054	10,628	10,426	1,971	6,522	855	11,918	73	2,049	44	565
2017	양천구	목2동	1,145	435	4,186	2,214	1,972	980	2,252	109	1,301	14	444	42	189
2017	양천구	목3동	1,233	523	4,938	2,620	2,318	1,082	2,523	103	2,009	17	274	31	132
2017	양천구	목4동	1,352	637	3,950	1,753	2,197	1,212	2,702	76	769	6	332	58	147
2017	양천구	신월1동	1,853	704	5,569	3,028	2,541	1,653	3,552	118	1,588	14	230	68	199
2017	양천구	신월2동	1,223	376	4,039	2,289	1,750	1,036	2,177	109	1,149	19	419	59	294
2017	양천구	신월3동	955	286	4,126	2,546	1,580	807	1,752	97	1,569	24	676	27	129
2017	양천구	신월4동	1,174	404	3,992	2,455	1,537	1,041	2,011	60	1,385	10	197	63	399
2017	양천구	신월5동	1,013	374	4,814	2,847	1,967	887	2,245	73	1,546	17	926	36	97
2017	양천구	신월6동	1,387	175	3,329	2,352	977	1,297	1,980	63	1,084	10	211	17	54
2017	양천구	신월7동	1,384	462	5,674	3,731	1,943	1,185	2,455	112	1,913	14	991	73	315
2017	양천구	신정1동	1,148	527	5,075	2,323	2,752	998	2,305	87	880	26	1,587	37	303
2017	양천구	신정2동	1,110	464	3,688	1,676	2,012	982	2,436	73	685	13	394	42	173
2017	양천구	신정3동	1,795	574	9,428	5,444	3,984	1,482	3,362	210	3,967	38	1,530	65	569
2017	양천구	신정6동	758	327	6,407	2,834	3,573	591	1,614	107	1,088	32	3,381	28	324
2017	양천구	신정7동	1,024	371	4,837	2,614	2,223	870	2,151	80	811	33	1,595	41	280
2017	양천구	목5동	1,537	682	9,883	4,392	5,491	1,223	2,987	227	2,589	38	3,775	49	532
2017	양천구	신정4동	3,043	1,148	14,954	8,034	6,920	2,502	7,583	381	5,875	66	1,036	94	460
2017	강서구	소계	36,556	12,762	234,394	130,005	104,389	28,310	70,367	6,333	136,604	700	20,739	1,213	6,684
2017	강서구	염창동	2,126	715	16,513	9,919	6,594	1,416	3,744	581	11,067	40	1,372	89	330
2017	강서구	등촌1동	1,892	663	15,709	9,125	6,584	1,247	3,514	548	10,891	33	1,041	64	263
2017	강서구	등촌2동	737	261	3,766	1,779	1,987	608	1,390	65	1,353	25	893	39	130
2017	강서구	등촌3동	2,657	989	23,388	11,198	12,190	1,809	5,543	692	14,299	68	2,606	88	940
2017	강서구	화곡본동	1,356	531	4,073	1,736	2,337	1,215	2,966	69	524	25	364	47	219
2017	강서구	화곡2동	848	319	2,465	1,231	1,234	738	1,393	80	674	3	201	27	197
2017	강서구	화곡3동	1,212	505	4,827	2,207	2,620	1,055	2,637	109	1,799	16	319	32	72
2017	강서구	화곡4동	1,482	593	3,728	1,819	1,909	1,330	2,574	87	649	19	443	46	62
2017	강서구	화곡6동	1,846	677	10,871	5,922	4,949	1,475	4,391	272	4,026	54	2,259	45	195
2017	강서구	화곡8동	1,259	508	4,007	1,743	2,264	1,141	2,514	55	690	21	423	42	380
2017	강서구	가양1동	3,512	1,017	35,037	23,329	11,708	2,132	6,458	1,249	27,519	67	761	64	299
2017	강서구	가양2동	595	208	3,590	1,799	1,791	426	1,267	92	1,160	31	813	46	350
2017	강서구	가양3동	907	196	7,967	4,815	3,152	506	1,277	352	5,529	23	867	26	294
2017	강서구	발산1동	2,340	771	12,646	6,970	5,676	1,796	4,717	419	5,248	53	2,217	72	464
2017	강서구	공항동	2,096	718	37,599	20,423	17,176	1,526	3,621	453	31,669	48	1,977	69	332
2017	강서구	방화1동	2,677	990	10,176	4,788	5,388	2,277	5,454	256	2,987	35	909	109	826
2017	강서구	방화2동	3,318	904	15,126	9,381	5,745	2,735	4,750	459	9,115	42	917	82	344
2017	강서구	방화3동	908	269	4,516	2,525	1,991	722	1,534	114	1,754	32	995	40	233
2017	강서구	화곡1동	3,104	1,212	11,276	6,162	5,114	2,725	6,595	228	3,652	31	616	120	413
2017	강서구	우장산동	1,684	716	7,114	3,134	3,980	1,431	4,028	153	1,999	34	746	66	341
2017	구로구	소계	38,405	11,298	213,468	122,446	91,022	28,145	66,527	8,729	122,339	659	18,600	872	6,002
2017	구로구	신도림동	2,864	943	15,345	7,455	7,890	2,109	5,672	653	8,628	44	714	58	331
2017	구로구	구로1동	736	266	3,105	1,503	1,602	618	1,349	78	1,107	13	504	27	145
2017	구로구	구로3동	7,227	1,573	83,892	52,672	31,220	2,971	10,206	4,000	70,274	172	2,383	84	1,029
2017	구로구	구로4동	2,042	937	5,162	2,256	2,906	1,794	3,578	143	704	45	546	60	334
2017	구로구	구로5동	4,907	1,358	27,070	14,876	12,194	3,720	7,727	1,015	15,932	78	2,173	94	1,238
2017	구로구	고척1동	2,590	707	9,541	5,577	3,964	2,162	5,420	337	2,544	35	1,279	56	298
2017	구로구	고척2동	1,407	523	3,918	1,938	1,980	1,258	2,604	74	503	24	586	51	225
2017	구로구	개봉2동	1,170	443	3,247	1,457	1,790	1,073	2,443	46	510	10	140	41	154
2017	구로구	개봉3동	990	392	5,743	2,776	2,967	882	1,760	55	3,446	16	350	37	187
2017	구로구	오류1동	1,125	414	4,610	2,382	2,228	965	2,130	104	1,899	18	341	38	240
2017	구로구	오류2동	1,575	522	7,814	4,515	3,299	1,297	3,125	139	1,560	58	2,705	81	424
2017	구로구	수궁동	1,266	360	5,886	3,765	2,121	1,014	2,217	147	2,231	36	1,231	69	207
2017	구로구	가리봉동	986	449	2,783	1,210	1,573	895	1,708	45	309	17	316	29	450
2017	구로구	구로2동	7,816	1,766	29,888	17,571	12,317	5,879	13,219	1,791	11,559	63	4,585	83	525
2017	구로구	개봉1동	1,704	645	5,464	2,493	2,971	1,508	3,369	102	1,133	30	747	64	215
2017	금천구	소계	31,750	8,611	228,000	142,168	85,832	20,307	54,586	10,281	159,968	531	10,311	631	3,135
2017	금천구	가산동	14,339	2,999	157,491	102,212	55,279	5,984	19,959	7,998	133,653	266	3,300	91	579
2017	금천구	독산1동	4,085	1,168	24,308	14,977	9,331	2,972	8,922	977	13,498	66	1,323	70	565
2017	금천구	독산2동	1,194	463	3,584	1,789	1,795	1,061	2,406	64	708	16	307	53	163
2017	금천구	독산3동	2,174	801	8,040	4,479	3,561	1,970	4,877	106	2,229	36	696	62	238
2017	금천구	독산4동	1,018	408	3,286	1,573	1,713	920	2,298	43	508	16	316	39	164
2017	금천구	시흥1동	3,023	1,216	13,776	6,639	7,137	2,581	6,320	277	4,520	44	2,412	121	524
2017	금천구	시흥2동	577	174	2,005	774	1,231	508	946	16	94	16	664	37	301
2017	금천구	시흥3동	3,325	612	10,223	7,327	2,896	2,510	5,403	756	4,102	29	614	30	104
2017	금천구	시흥4동	855	292	1,975	856	1,119	770	1,343	10	72	24	361	51	199
2017	금천구	시흥5동	1,160	478	3,312	1,542	1,770	1,031	2,112	34	584	18	318	77	298
2017	영등포구	소계	43,163	12,955	362,800	210,507	152,293	30,722	74,751	10,299	236,442	1,219	44,918	923	6,689
2017	영등포구	여의동	8,082	2,277	150,277	92,142	58,135	3,628	11,784	3,754	109,986	491	26,156	209	2,351
2017	영등포구	당산1동	3,153	981	19,916	10,857	9,059	2,303	5,384	691	10,557	108	3,745	51	230
2017	영등포구	당산2동	2,245	729	20,112	10,869	9,243	1,477	4,374	665	14,223	69	1,281	34	234
2017	영등포구	양평1동	3,114	526	23,033	13,355	9,678	2,344	4,725	682	17,256	47	750	41	302
2017	영등포구	양평2동	2,102	592	18,290	11,462	6,828	1,282	3,637	736	13,623	44	772	40	258
2017	영등포구	신길1동	1,157	444	6,772	3,867	2,905	994	2,125	94	3,365	34	900	35	382
2017	영등포구	신길3동	1,555	396	3,105	1,793	1,312	1,462	2,196	49	509	17	229	27	171
2017	영등포구	신길4동	484	163	1,637	725	912	432	922	27	360	7	129	18	226
2017	영등포구	신길5동	604	208	2,753	1,653	1,100	507	1,029	51	785	21	825	25	114
2017	영등포구	신길6동	1,282	488	4,564	2,120	2,444	1,084	2,445	115	1,310	33	545	50	264
2017	영등포구	신길7동	594	222	2,615	1,372	1,243	460	1,130	91	754	26	671	17	60
2017	영등포구	대림1동	1,094	427	4,347	1,780	2,567	937	2,258	89	503	25	1,371	43	215
2017	영등포구	대림2동	1,415	645	4,615	2,062	2,553	1,292	3,131	80	1,097	17	302	26	85
2017	영등포구	대림3동	2,140	720	9,929	5,551	4,378	1,739	4,194	305	4,539	31	855	65	341
2017	영등포구	영등포본동	1,482	618	5,520	2,605	2,915	1,200	2,731	203	1,538	32	1,016	47	235
2017	영등포구	영등포동	6,320	2,071	39,149	20,116	19,033	4,873	11,751	1,236	22,883	127	4,008	84	507
2017	영등포구	도림동	1,052	348	3,638	2,241	1,397	887	1,741	114	1,617	14	62	37	218
2017	영등포구	문래동	5,288	1,100	42,528	25,937	16,591	3,821	9,194	1,317	31,537	76	1,301	74	496
2017	동작구	소계	19,966	7,824	110,422	53,384	57,038	16,785	40,820	1,900	42,375	520	22,887	761	4,340
2017	동작구	노량진2동	1,634	573	6,715	3,632	3,083	1,437	3,353	141	2,026	23	1,200	33	136
2017	동작구	상도1동	1,697	678	8,757	4,447	4,310	1,422	3,668	159	1,565	50	3,193	66	331
2017	동작구	상도2동	1,344	588	5,059	2,311	2,748	1,159	2,945	104	880	35	761	46	473
2017	동작구	상도3동	1,017	385	2,937	1,413	1,524	921	2,085	39	424	16	276	41	152
2017	동작구	상도4동	934	340	2,787	1,233	1,554	841	1,682	29	292	22	646	42	167
2017	동작구	사당1동	1,856	677	10,295	4,886	5,409	1,447	3,717	318	5,626	43	659	48	293
2017	동작구	사당3동	959	342	4,219	2,133	2,086	778	1,724	76	1,241	35	944	70	310
2017	동작구	사당4동	664	262	1,791	815	976	588	1,236	31	215	13	235	32	105
2017	동작구	사당5동	508	159	1,738	936	802	423	946	39	299	19	420	27	73
2017	동작구	대방동	1,734	638	12,303	6,852	5,451	1,386	3,657	224	6,306	64	2,039	60	301
2017	동작구	신대방1동	1,052	441	4,104	2,125	1,979	881	2,020	110	1,348	23	584	38	152
2017	동작구	신대방2동	1,238	466	23,348	10,395	12,953	894	2,520	221	15,800	49	4,289	74	739
2017	동작구	흑석동	1,514	684	10,524	4,882	5,642	1,295	2,881	106	1,257	59	6,096	54	290
2017	동작구	노량진1동	2,148	910	9,368	4,622	4,746	1,900	4,716	159	3,323	41	1,045	48	284
2017	동작구	사당2동	1,667	681	6,477	2,702	3,775	1,413	3,670	144	1,773	28	500	82	534
2017	관악구	소계	26,374	9,756	115,390	60,398	54,992	22,809	55,818	2,064	34,304	578	19,112	923	6,156
2017	관악구	보라매동	1,407	605	7,026	3,553	3,473	1,145	2,560	190	3,584	32	730	40	152
2017	관악구	청림동	446	199	1,262	532	730	412	961	14	130	3	55	17	116
2017	관악구	행운동	1,480	603	6,467	2,941	3,526	1,275	3,196	116	1,396	38	600	51	1,275
2017	관악구	낙성대동	1,323	436	7,768	4,392	3,376	1,060	3,479	186	3,369	37	763	40	157
2017	관악구	중앙동	1,028	353	4,941	2,290	2,651	867	2,491	115	2,027	10	153	36	270
2017	관악구	인헌동	1,025	416	4,017	1,867	2,150	906	2,047	76	1,549	15	270	28	151
2017	관악구	남현동	846	332	4,905	2,610	2,295	683	1,747	109	2,750	30	339	24	69
2017	관악구	서원동	1,312	526	7,024	3,207	3,817	1,104	3,847	150	2,495	26	298	32	384
2017	관악구	신원동	847	353	2,355	983	1,372	780	1,577	22	188	7	322	38	268
2017	관악구	서림동	1,311	332	3,331	2,074	1,257	1,228	2,198	36	613	12	234	35	286
2017	관악구	신사동	1,384	515	4,721	2,498	2,223	1,241	3,147	89	1,143	16	224	38	207
2017	관악구	신림동	1,659	706	5,964	3,051	2,913	1,514	4,308	108	1,193	13	363	24	100
2017	관악구	난향동	426	145	2,144	1,006	1,138	374	785	18	858	9	340	25	161
2017	관악구	조원동	2,215	739	7,919	4,533	3,386	1,950	4,642	183	2,396	28	622	54	259
2017	관악구	대학동	1,669	624	12,981	7,113	5,868	1,326	3,002	159	1,759	124	7,672	60	548
2017	관악구	은천동	1,640	582	7,316	3,987	3,329	1,379	3,392	150	2,666	37	774	74	484
2017	관악구	성현동	877	314	2,928	1,353	1,575	772	1,621	36	563	12	497	57	247
2017	관악구	청룡동	1,856	721	11,363	6,642	4,721	1,523	4,191	199	3,680	57	3,253	77	239
2017	관악구	난곡동	973	311	2,426	1,162	1,264	903	1,762	12	105	16	408	42	151
2017	관악구	삼성동	1,052	369	2,338	1,209	1,129	954	1,451	14	134	29	494	55	259
2017	관악구	미성동	1,598	575	6,194	3,395	2,799	1,413	3,414	82	1,706	27	701	76	373
2017	서초구	소계	46,207	14,783	436,763	262,455	174,308	28,787	84,943	14,399	295,372	2,040	50,507	981	5,941
2017	서초구	서초1동	3,612	950	34,095	21,071	13,024	2,059	6,248	1,263	23,416	211	4,009	79	422
2017	서초구	서초2동	4,356	1,200	53,006	35,427	17,579	2,131	6,223	1,937	41,592	172	4,571	116	620
2017	서초구	서초3동	7,525	1,852	78,122	45,961	32,161	4,226	13,611	2,469	46,335	691	17,035	139	1,141
2017	서초구	서초4동	2,869	923	27,550	13,655	13,895	1,994	9,134	679	16,025	145	1,960	51	431
2017	서초구	잠원동	2,137	735	17,616	10,488	7,128	1,417	4,054	617	12,569	47	572	56	421
2017	서초구	반포본동	682	377	2,652	1,212	1,440	587	1,239	71	739	17	579	7	95
2017	서초구	반포1동	1,508	572	9,952	5,586	4,366	1,094	3,349	366	5,889	29	567	19	147
2017	서초구	반포2동	455	217	2,670	1,292	1,378	349	939	67	629	22	779	17	323
2017	서초구	반포3동	969	429	7,480	3,921	3,559	754	2,074	161	4,403	26	725	28	278
2017	서초구	반포4동	3,586	1,692	30,004	14,431	15,573	2,629	7,935	846	15,331	77	6,357	34	381
2017	서초구	방배본동	1,583	598	8,705	5,006	3,699	1,163	2,975	349	5,052	27	385	44	293
2017	서초구	방배1동	1,805	642	17,008	9,657	7,351	1,158	3,279	541	12,909	62	672	44	148
2017	서초구	방배2동	1,977	666	18,695	10,232	8,463	1,375	3,501	494	13,078	54	1,981	54	135
2017	서초구	방배3동	1,196	385	14,893	10,087	4,806	702	2,481	367	10,294	80	1,885	47	233
2017	서초구	방배4동	2,396	801	14,199	7,663	6,536	1,635	4,121	625	8,776	79	1,102	57	200
2017	서초구	양재1동	3,599	1,086	43,639	28,690	14,949	2,046	5,740	1,303	34,393	145	3,069	105	437
2017	서초구	양재2동	5,271	1,430	49,006	33,185	15,821	2,977	6,806	2,110	39,657	122	2,397	62	146
2017	서초구	내곡동	681	228	7,471	4,891	2,580	491	1,234	134	4,285	34	1,862	22	90
2017	강남구	소계	72,511	22,549	679,047	379,008	300,039	41,571	138,832	27,660	474,193	2,110	58,666	1,170	7,356
2017	강남구	신사동	4,365	1,561	26,783	12,437	14,346	2,883	11,198	1,401	14,727	49	659	32	199
2017	강남구	논현1동	5,578	1,618	40,669	21,624	19,045	3,251	11,211	2,177	28,234	93	969	57	255
2017	강남구	논현2동	5,542	1,655	59,822	34,515	25,307	2,891	10,195	2,403	45,070	195	4,275	53	282
2017	강남구	삼성1동	4,169	1,218	62,947	36,690	26,257	1,798	6,544	2,171	51,486	131	4,504	69	413
2017	강남구	삼성2동	3,740	1,100	42,389	24,390	17,999	1,933	5,648	1,590	31,928	122	4,483	95	330
2017	강남구	대치1동	1,133	477	7,278	3,203	4,075	848	3,130	234	2,850	30	1,116	21	182
2017	강남구	대치4동	3,699	1,238	29,228	17,054	12,174	2,452	8,005	1,079	19,511	97	1,445	71	267
2017	강남구	역삼1동	15,590	4,218	146,000	85,167	60,833	7,578	27,247	7,184	103,867	647	14,161	181	725
2017	강남구	역삼2동	3,480	1,004	40,049	22,189	17,860	1,745	5,522	1,551	31,485	131	2,707	53	335
2017	강남구	도곡1동	1,688	531	15,994	9,305	6,689	1,046	3,394	540	9,447	41	2,798	61	355
2017	강남구	도곡2동	1,858	642	22,508	13,505	9,003	988	3,230	791	17,317	43	1,669	36	292
2017	강남구	개포1동	467	167	1,460	961	499	422	604	23	527	9	154	13	175
2017	강남구	개포4동	2,182	604	11,888	7,675	4,213	1,332	3,462	761	7,480	50	742	39	204
2017	강남구	일원본동	448	217	8,210	2,291	5,919	353	818	32	439	29	6,623	34	330
2017	강남구	일원1동	2,162	348	7,064	4,388	2,676	1,937	3,129	164	3,212	27	557	34	166
2017	강남구	일원2동	646	237	8,831	6,379	2,452	434	857	137	5,064	38	2,638	37	272
2017	강남구	수서동	1,527	378	17,219	10,460	6,759	709	1,932	723	13,987	60	980	35	320
2017	강남구	세곡동	1,025	338	5,389	2,976	2,413	815	2,067	149	1,801	33	1,264	28	257
2017	강남구	압구정동	4,131	1,597	28,141	12,094	16,047	2,699	10,798	1,340	15,908	51	770	41	665
2017	강남구	청담동	4,432	1,770	39,229	18,686	20,543	2,740	12,173	1,533	25,109	86	1,608	73	339
2017	강남구	대치2동	3,965	1,320	54,807	31,685	23,122	2,166	6,337	1,602	44,098	122	3,739	75	633
2017	강남구	개포2동	684	311	3,142	1,334	1,808	551	1,331	75	646	26	805	32	360
2017	송파구	소계	46,676	15,751	329,447	198,578	130,869	33,513	86,778	10,952	197,654	994	36,261	1,217	8,754
2017	송파구	풍납1동	752	291	2,611	1,225	1,386	659	1,356	53	831	16	240	24	184
2017	송파구	풍납2동	1,168	426	15,033	5,943	9,090	961	2,691	112	2,556	44	9,501	51	285
2017	송파구	거여1동	839	270	3,732	1,944	1,788	712	1,631	77	1,440	13	284	37	377
2017	송파구	거여2동	905	295	4,088	2,154	1,934	777	1,730	68	1,445	18	371	42	542
2017	송파구	마천1동	960	332	2,333	1,181	1,152	855	1,497	34	310	20	229	51	297
2017	송파구	마천2동	1,352	475	4,337	2,460	1,877	1,172	2,334	81	1,026	29	597	70	380
2017	송파구	방이1동	1,382	517	9,915	6,097	3,818	1,030	2,993	287	6,162	26	555	39	205
2017	송파구	방이2동	2,940	960	21,081	13,922	7,159	2,013	5,902	810	13,957	63	632	54	590
2017	송파구	오륜동	522	235	4,455	2,333	2,122	349	729	43	849	96	2,616	34	261
2017	송파구	오금동	2,378	758	15,311	8,751	6,560	1,806	4,325	454	9,186	42	1,482	76	318
2017	송파구	송파1동	2,535	808	14,100	8,803	5,297	1,986	4,587	464	7,860	37	566	48	1,087
2017	송파구	송파2동	893	382	4,134	2,141	1,993	728	1,531	110	1,772	16	567	39	264
2017	송파구	석촌동	2,570	903	15,121	8,729	6,392	1,964	5,615	504	8,826	29	272	73	408
2017	송파구	삼전동	2,080	744	14,428	10,003	4,425	1,650	4,064	322	9,232	39	830	69	302
2017	송파구	가락본동	3,587	1,122	26,403	16,563	9,840	2,271	6,824	1,128	15,628	84	3,530	104	421
2017	송파구	가락1동	2,800	671	10,718	7,556	3,162	842	1,895	1,877	8,051	44	638	37	134
2017	송파구	가락2동	1,869	699	9,696	5,283	4,413	1,469	3,771	313	5,139	26	407	61	379
2017	송파구	문정1동	1,370	485	9,087	5,824	3,263	1,047	2,412	265	5,950	21	558	37	167
2017	송파구	문정2동	5,153	1,292	41,271	28,035	13,236	3,233	7,663	1,813	30,810	79	2,461	28	337
2017	송파구	장지동	1,388	454	10,344	6,897	3,447	1,087	2,644	186	6,269	36	1,152	79	279
2017	송파구	위례동	533	236	3,457	2,019	1,438	443	1,398	59	1,634	10	289	21	136
2017	송파구	잠실본동	3,037	1,103	22,895	13,577	9,318	2,328	7,722	618	14,531	38	353	53	289
2017	송파구	잠실4동	495	247	1,957	733	1,224	440	1,212	28	221	15	345	12	179
2017	송파구	잠실6동	2,620	801	46,806	29,549	17,257	1,698	4,701	809	36,505	86	5,372	27	228
2017	송파구	잠실7동	202	105	1,244	542	702	168	300	17	336	10	495	7	113
2017	송파구	잠실2동	757	362	4,563	2,144	2,419	619	1,928	78	959	32	1,353	28	323
2017	송파구	잠실3동	1,589	778	10,327	4,170	6,157	1,206	3,323	342	6,169	25	566	16	269
2017	강동구	소계	29,952	10,466	146,512	77,578	68,934	25,439	61,575	3,195	60,815	509	19,940	809	4,182
2017	강동구	강일동	955	280	14,962	11,279	3,683	770	1,862	117	11,521	31	1,453	37	126
2017	강동구	상일동	976	277	5,538	2,882	2,656	815	1,597	86	786	37	2,871	38	284
2017	강동구	명일1동	1,665	734	6,341	2,682	3,659	1,475	3,789	123	1,501	25	605	42	446
2017	강동구	명일2동	1,134	481	4,752	2,040	2,712	965	2,933	124	1,089	14	403	31	327
2017	강동구	고덕1동	714	282	2,390	1,133	1,257	633	1,213	35	255	19	838	27	84
2017	강동구	고덕2동	1,666	228	3,034	2,104	930	1,591	2,049	23	223	28	715	24	47
2017	강동구	암사2동	864	316	5,290	2,452	2,838	737	1,748	92	3,165	15	316	20	61
2017	강동구	암사3동	614	222	2,121	1,060	1,061	546	1,168	37	428	9	459	22	66
2017	강동구	천호1동	1,575	513	6,253	3,190	3,063	1,381	3,098	128	2,136	30	834	36	185
2017	강동구	천호3동	1,859	692	7,527	3,882	3,645	1,570	3,821	203	3,212	33	286	53	208
2017	강동구	성내1동	2,102	623	22,241	12,143	10,098	1,496	4,105	497	13,882	56	4,056	53	198
2017	강동구	성내2동	1,952	750	7,860	3,519	4,341	1,677	4,346	203	2,941	22	224	50	349
2017	강동구	성내3동	2,427	910	9,289	4,746	4,543	2,033	5,075	315	3,796	26	199	53	219
2017	강동구	둔촌1동	102	16	540	337	203	83	115	10	122	6	298	3	5
2017	강동구	둔촌2동	1,627	561	9,182	4,666	4,516	1,325	3,158	195	3,142	35	2,556	72	326
2017	강동구	암사1동	1,936	689	5,684	3,063	2,621	1,747	3,852	109	1,150	23	440	57	242
2017	강동구	천호2동	3,730	1,466	14,996	7,135	7,861	3,122	8,386	478	5,221	49	885	81	504
2017	강동구	길동	4,054	1,426	18,512	9,265	9,247	3,473	9,260	420	6,245	51	2,502	110	505